[history/.dummy_history]
version = 9.0.0
modtime = 1657352912.846320000

[ui-tour/search-tour]
version = 9.0.0
modtime = 1657527921.137301000
