[history/.dummy_history]
version = 9.0.0
modtime = 1657352502.179955000

[ui-tour/adddata-tour%3Aenterprise]
version = 9.0.0
modtime = 1657630468.440251000
