[assist/metadata]
version = 9.0.0
modtime = 1656777293.193196000

[assist/ui]
version = 9.0.0
modtime = 1656777324.286243000

[assist/updates]
version = 9.0.0
modtime = 1656777833.506012000

[assist/supervisor]
version = 9.0.0
modtime = 1656777833.534360000
